#TSP_ACO
#n time_s_avg time_s_std (for 3 trials)
1 1.0299999606407558e-05 8.909919658518886e-06
2 8.566666413874676e-06 1.6996861133476883e-07
3 2.456666819246796e-05 9.921805163356815e-06
4 2.5299999833805487e-05 9.517703009064744e-06
5 4.193333249228696e-05 4.112042253319672e-06
6 3.4133333732218794e-05 9.647567184183991e-06
7 2.209999972061875e-05 4.229263311065141e-06
8 3.0466667036913957e-05 1.5326081939226689e-06
9 3.7033333986376725e-05 1.3274882783916532e-06
10 4.51333326054737e-05 8.013869276673459e-07
