#TSP_ACO
#n time_s_avg time_s_std (for 3 trials)
1 4.999999267359574e-06 5.099039314699848e-07
2 1.8766664046173293e-05 1.3109111679225229e-05
3 1.7233338439837098e-05 7.344084175729763e-06
4 1.4633333194069564e-05 1.1440639427843727e-06
5 2.4599998141638935e-05 8.061430455989217e-06
6 2.1866668248549104e-05 2.624664636377202e-07
7 2.706666903880735e-05 8.17862503986881e-07
8 3.246666650132587e-05 6.182459406268169e-07
9 3.996666055172682e-05 4.496889234424664e-07
10 4.646667124082645e-05 2.3570405514881492e-07
